48,233
48,232
48,231
48,230
48,229
48,228
48,227
48,226
48,225
48,224
48,223
48,222
48,221
48,220
48,219
48,218
48,217
48,216
48,215
48,214
48,213
48,212
48,211
48,210
48,209
48,208
48,207
48,206
48,205
48,204
48,203
48,202
48,201
48,200
48,199
48,198
48,197
48,196
48,195
48,194
48,193
48,192
48,191
48,190
48,189
48,188
48,187
48,186
48,185
48,184
48,183
48,182
48,181
48,180
48,179
48,178
48,177
48,176
48,175
48,174
48,173
48,172
48,171
48,170
48,169
48,168
48,167
48,166
48,165
48,164
48,163
48,162
48,161
48,160
48,159
48,158
48,157
48,156
48,155
48,154
48,153
48,152
48,151
48,150
48,149
48,148
48,147
48,146
48,145
48,144
48,143
48,142
48,141
48,140
48,139
48,138
48,137
48,136
48,135
48,134
48,133
48,101
48,100
48,99
48,98
48,97
48,96
48,95
48,94
48,93
48,92
48,91
48,90
48,89
48,88
48,87
48,86
48,85
48,84
48,83
48,82
48,81
48,80
48,79
48,78
48,77
48,76
48,75
48,74
48,73
48,72
48,71
48,70
48,69
48,68
48,67
48,66
48,65
48,64
48,35
48,34
48,33
48,32
48,31
48,30
48,29
48,28
48,27
48,26
48,25
48,24
48,23
48,22
48,21
48,20
48,19
48,18
48,17
48,16
48,15
48,14
48,13
